    lift        drag        pitch 

   0     0.03080     0.10806   0.0110800 
   0     0.03080     0.10806   0.0110800 
   0     0.03247     0.10917   0.0110152 
   0     0.05364     0.12789   0.0103145 
   1     0.09272     0.18425   0.0076277 
   1     0.18499     0.42359  -0.0107909 
   1     0.21709     0.56502  -0.0224372 
   1     0.19832     0.47672  -0.0154306 
   2     0.13282     0.26915   0.0016387 
   2     0.06409     0.13962   0.0097029 
   2     0.03915     0.11434   0.0108443 
   3     0.03812     0.11358   0.0108884 
   3     0.06042     0.13559   0.0098725 
   3     0.10092     0.19899   0.0067058 
   3     0.15713     0.33369  -0.0035797 
   4     0.20890     0.52452  -0.0192567 
   4     0.21328     0.54492  -0.0209132 
   4     0.17984     0.40624  -0.0092194 
   4     0.10984     0.21709   0.0055482 
   5     0.05386     0.12811   0.0102972 
   5     0.04271     0.11747   0.0107091 
   5     0.05060     0.12464   0.0103613 
   5     0.07700     0.15781   0.0089288 
   6     0.13919     0.28459   0.0002733 
   6     0.19602     0.46742  -0.0146821 
   6     0.21243     0.54066  -0.0205648 
   6     0.19546     0.46556  -0.0144813 
   7     0.12820     0.25777   0.0024625 
   7     0.06556     0.14156   0.0095991 
   7     0.04991     0.12406   0.0103844 
   7     0.05206     0.12618   0.0103557 
   8     0.07407     0.15334   0.0091458 
   8     0.13224     0.26757   0.0017453 
   8     0.18731     0.43267  -0.0115273 
   8     0.20947     0.52763  -0.0194627 
   9     0.19562     0.46610  -0.0145396 
   9     0.13193     0.26675   0.0018037 
   9     0.07095     0.14908   0.0093587 
  10     0.05561     0.13003   0.0101746 
  10     0.06062     0.13578   0.0098693 
  10     0.08264     0.16653   0.0084778 
  10     0.13985     0.28623   0.0001353 
  11     0.18971     0.44209  -0.0122853 
  11     0.20645     0.51314  -0.0183246 
  11     0.18843     0.43707  -0.0119301 
  11     0.12915     0.26009   0.0022885 
  12     0.07654     0.15724   0.0089550 
  12     0.06378     0.13926   0.0097352 
  12     0.07242     0.15111   0.0092667 
  13     0.09852     0.19484   0.0070394 
  13     0.15991     0.34185  -0.0042625 
  13     0.19722     0.47192  -0.0150893 
  13     0.20108     0.48911  -0.0163021 
  14     0.18079     0.40918  -0.0094891 
  14     0.13139     0.26536   0.0019029 
  14     0.08420     0.16935   0.0083827 
  14     0.07440     0.15383   0.0091199 
  15     0.08573     0.17184   0.0082940 
  15     0.11349     0.22473   0.0049356 
  15     0.16601     0.36037  -0.0056301 
  16     0.19389     0.45946  -0.0139341 
  16     0.19346     0.45755  -0.0137847 
  16     0.15782     0.33555  -0.0037376 
  16     0.11540     0.22866   0.0046554 
  17     0.09208     0.18306   0.0076678 
  17     0.08946     0.17850   0.0079092 
  17     0.10870     0.21475   0.0057291 
  18     0.14184     0.29161  -0.0002305 
  18     0.18168     0.41233  -0.0098045 
  18     0.18859     0.43769  -0.0119839 
  18     0.17774     0.39873  -0.0085697 
  19     0.14449     0.29852  -0.0007830 
  19     0.11754     0.23366   0.0043221 
  19     0.10670     0.21070   0.0059394 
  19     0.11036     0.21817   0.0054702 
  20     0.13266     0.26870   0.0016680 
  20     0.16362     0.35329  -0.0051629 
  20     0.17910     0.40384  -0.0090079 
  21     0.17386     0.38573  -0.0076355 
  21     0.14397     0.29722  -0.0006734 
  21     0.12680     0.25427   0.0027414 
  22     0.12080     0.24077   0.0038120 
  22     0.12580     0.25184   0.0029547 
  22     0.13683     0.27843   0.0008334 
  22     0.14933     0.31180  -0.0017876 
  23     0.16416     0.35484  -0.0052528 
  23     0.16666     0.36239  -0.0058107 
  23     0.15890     0.33856  -0.0039921 
  24     0.13365     0.27144   0.0014825 
  24     0.12557     0.25130   0.0030025 
  24     0.12806     0.25744   0.0024875 
  24     0.14350     0.29609  -0.0005732 
  25     0.15221     0.31995  -0.0024652 
  25     0.15559     0.32932  -0.0032105 
  25     0.15441     0.32602  -0.0029435 
  26     0.14562     0.30156  -0.0010018 
  26     0.13299     0.26964   0.0016067 
  26     0.12642     0.25334   0.0028223 
  26     0.12860     0.25878   0.0023866 
  27     0.14726     0.30602  -0.0013336 
  27     0.16228     0.34960  -0.0049855 
  27     0.16142     0.34698  -0.0047988 
  28     0.15002     0.31378  -0.0019446 
  28     0.13653     0.27761   0.0009005 
  28     0.12752     0.25605   0.0025948 
  28     0.12265     0.24496   0.0035155 
  29     0.12638     0.25323   0.0028321 
  29     0.14330     0.29558  -0.0005287 
  29     0.16708     0.36369  -0.0059221 
  30     0.17204     0.37963  -0.0071079 
  30     0.16249     0.35018  -0.0050146 
  30     0.13625     0.27690   0.0009623 
  31     0.11784     0.23435   0.0042659 
  31     0.11070     0.21889   0.0054228 
  31     0.11465     0.22704   0.0047635 
  32     0.14026     0.28731   0.0000590 
  32     0.16722     0.36413  -0.0059549 
  32     0.17853     0.40175  -0.0088242 
  33     0.16880     0.36937  -0.0062367 
  33     0.14613     0.30294  -0.0010971 
  33     0.11523     0.22826   0.0046811 
  33     0.10133     0.19974   0.0066353 
  34     0.10248     0.20206   0.0064852 
  34     0.11766     0.23395   0.0042987 
  34     0.15754     0.33480  -0.0036733 
  35     0.17933     0.40461  -0.0090756 
  35     0.18080     0.40924  -0.0094942 
  35     0.15879     0.33824  -0.0039650 
  36     0.12328     0.24636   0.0034219 
  36     0.10135     0.19978   0.0066318 
  36     0.09581     0.18961   0.0072888 
  36     0.10347     0.20423   0.0063883 
  37     0.12796     0.25717   0.0025082 
  37     0.17017     0.37366  -0.0065820 
  37     0.18205     0.41370  -0.0099442 
  38     0.17580     0.39220  -0.0081148 
  38     0.13319     0.27020   0.0015699 
  38     0.10742     0.21215   0.0058690 
  39     0.09608     0.19008   0.0072521 
  39     0.10079     0.19876   0.0067282 
  39     0.12330     0.24641   0.0034180 
  39     0.15877     0.33817  -0.0039591 
  40     0.17990     0.40643  -0.0092364 
  40     0.17468     0.38847  -0.0078477 
  40     0.14241     0.29323  -0.0003453 
  41     0.10700     0.21128   0.0059090 
  41     0.10029     0.19787   0.0068115 
  41     0.10696     0.21122   0.0059122 
  41     0.12668     0.25398   0.0027666 
  42     0.14982     0.31320  -0.0018983 
  42     0.17250     0.38114  -0.0072404 
  42     0.17531     0.39059  -0.0080009 
  42     0.16023     0.34297  -0.0043594 
  43     0.13449     0.27331   0.0013209 
  43     0.10968     0.21675   0.0055745 
  43     0.10686     0.21101   0.0059225 
  43     0.11544     0.22873   0.0046507 
  44     0.13668     0.27803   0.0008659 
  44     0.15990     0.34184  -0.0042617 
  44     0.17082     0.37573  -0.0067613 
  44     0.16879     0.36935  -0.0062356 
  45     0.15727     0.33406  -0.0036111 
  45     0.13680     0.27834   0.0008404 
  45     0.11790     0.23447   0.0042564 
  45     0.11478     0.22731   0.0047449 
  46     0.12287     0.24546   0.0034828 
  46     0.14308     0.29502  -0.0004819 
  46     0.16114     0.34605  -0.0046973 
  46     0.16568     0.35938  -0.0055528 
  46     0.15898     0.33879  -0.0040121 
  47     0.13696     0.27880   0.0008036 
  47     0.12402     0.24796   0.0032988 
  47     0.12151     0.24240   0.0036897 
  48     0.12941     0.26068   0.0022442 
  48     0.14444     0.29839  -0.0007732 
  48     0.15649     0.33187  -0.0034254 
  48     0.15967     0.34104  -0.0041953 
  48     0.15230     0.32020  -0.0024848 
  49     0.13350     0.27104   0.0015122 
  49     0.12628     0.25299   0.0028536 
  49     0.12610     0.25255   0.0028920 
  49     0.13468     0.27370   0.0012821 
  50     0.14466     0.29896  -0.0008178 
  50     0.15384     0.32446  -0.0028200 
  50     0.15479     0.32708  -0.0030279 
  50     0.14930     0.31171  -0.0017806 
  50     0.13773     0.28097   0.0006254 
  51     0.12855     0.25865   0.0023962 
  51     0.12860     0.25879   0.0023858 
  51     0.13776     0.28105   0.0006184 
  51     0.14675     0.30464  -0.0012235 
  51     0.15270     0.32130  -0.0025715 
  52     0.15153     0.31804  -0.0023104 
  52     0.14399     0.29726  -0.0006776 
  52     0.13686     0.27852   0.0008261 
  52     0.12907     0.25991   0.0023015 
  52     0.12924     0.26029   0.0022732 
  52     0.13533     0.27494   0.0011539 
  53     0.14778     0.30744  -0.0014483 
  53     0.15307     0.32232  -0.0026515 
  53     0.15239     0.32046  -0.0025054 
  53     0.14669     0.30449  -0.0012118 
  53     0.13698     0.27886   0.0007988 
  54     0.13052     0.26317   0.0020612 
  54     0.12829     0.25800   0.0024453 
  54     0.13345     0.27090   0.0015220 
  54     0.14552     0.30128  -0.0009830 
  54     0.15470     0.32682  -0.0030067 
  54     0.15383     0.32444  -0.0028184 
  55     0.14549     0.30119  -0.0009768 
  55     0.13556     0.27541   0.0011063 
  55     0.12851     0.25856   0.0024030 
  55     0.12676     0.25418   0.0027494 
  55     0.13330     0.27051   0.0015492 
  56     0.14356     0.29623  -0.0005859 
  56     0.15591     0.33023  -0.0032869 
  56     0.15492     0.32745  -0.0030575 
  56     0.14621     0.30317  -0.0011139 
  56     0.13540     0.27510   0.0011381 
  56     0.12739     0.25574   0.0026190 
  57     0.12538     0.25087   0.0030397 
  57     0.13222     0.26751   0.0017496 
  57     0.14415     0.29767  -0.0007131 
  57     0.15585     0.33005  -0.0032722 
  57     0.15573     0.32971  -0.0032432 
  57     0.14707     0.30551  -0.0012921 
  58     0.13210     0.26721   0.0017711 
  58     0.12519     0.25045   0.0030770 
  58     0.12526     0.25061   0.0030627 
  58     0.13389     0.27202   0.0014373 
  58     0.14734     0.30625  -0.0013522 
  58     0.15646     0.33179  -0.0034189 
  59     0.15576     0.32980  -0.0032508 
  59     0.14562     0.30153  -0.0010002 
  59     0.13360     0.27130   0.0014932 
  59     0.12641     0.25332   0.0028244 
  59     0.12473     0.24947   0.0031656 
  59     0.13042     0.26294   0.0020778 
  59     0.14702     0.30536  -0.0012805 
  60     0.15624     0.33117  -0.0033662 
  60     0.15490     0.32738  -0.0030517 
  60     0.14293     0.29464  -0.0004517 
  60     0.13061     0.26339   0.0020452 
  60     0.12519     0.25046   0.0030763 
  60     0.12693     0.25460   0.0027131 
  61     0.13625     0.27690   0.0009618 
  61     0.15049     0.31509  -0.0020552 
  61     0.15563     0.32942  -0.0032193 
  61     0.15113     0.31693  -0.0022154 
  61     0.13386     0.27195   0.0014433 
  61     0.12631     0.25306   0.0028474 
  62     0.12846     0.25843   0.0024128 
  62     0.13728     0.27973   0.0007293 
  62     0.14688     0.30500  -0.0012517 
  62     0.15436     0.32590  -0.0029339 
  62     0.15279     0.32155  -0.0025910 
  62     0.14459     0.29879  -0.0008044 
  62     0.13323     0.27032   0.0015616 
  63     0.12765     0.25638   0.0025685 
  63     0.12924     0.26028   0.0022738 
  63     0.13881     0.28366   0.0003638 
  63     0.14825     0.30874  -0.0015519 
  63     0.15305     0.32227  -0.0026472 
  63     0.15176     0.31869  -0.0023640 
  63     0.14314     0.29517  -0.0004945 
  64     0.13440     0.27313   0.0013381 
  64     0.12906     0.25988   0.0023039 
  64     0.13085     0.26399   0.0020016 
  64     0.13886     0.28377   0.0003522 
  64     0.14658     0.30418  -0.0011880 
  64     0.15168     0.31847  -0.0023463 
  64     0.15079     0.31595  -0.0021300 
  65     0.14237     0.29309  -0.0003354 
  65     0.13486     0.27404   0.0012472 
  65     0.13061     0.26338   0.0020454 
  65     0.13221     0.26749   0.0017513 
  65     0.13827     0.28235   0.0004958 
  65     0.14656     0.30414  -0.0011849 
  65     0.15050     0.31512  -0.0020582 
  66     0.14907     0.31107  -0.0017313 
  66     0.14107     0.28946  -0.0000820 
  66     0.13432     0.27297   0.0013533 
  66     0.13177     0.26633   0.0018334 
  66     0.13564     0.27556   0.0010901 
  66     0.14209     0.29230  -0.0002791 
  67     0.14792     0.30783  -0.0014799 
  67     0.14897     0.31077  -0.0017083 
  67     0.14661     0.30425  -0.0011934 
  67     0.13916     0.28452   0.0002798 
  67     0.13368     0.27151   0.0014771 
  67     0.13285     0.26923   0.0016334 
  67     0.13794     0.28154   0.0005749 
  67     0.14326     0.29548  -0.0005205 
  68     0.14778     0.30744  -0.0014490 
  68     0.14755     0.30682  -0.0013986 
  68     0.14444     0.29840  -0.0007738 
  68     0.13754     0.28047   0.0006688 
  68     0.13360     0.27130   0.0014933 
  68     0.13403     0.27235   0.0014100 
  69     0.14049     0.28790   0.0000193 
  69     0.14565     0.30164  -0.0010076 
  69     0.14747     0.30661  -0.0013816 
  69     0.14526     0.30055  -0.0009325 
  69     0.14146     0.29053  -0.0001556 
  69     0.13502     0.27435   0.0012148 
  69     0.13373     0.27162   0.0014689 
  70     0.13638     0.27723   0.0009327 
  70     0.14375     0.29668  -0.0006255 
  70     0.14708     0.30555  -0.0012956 
  70     0.14664     0.30433  -0.0011997 
  70     0.14298     0.29476  -0.0004611 
  70     0.13803     0.28176   0.0005536 
  70     0.13420     0.27272   0.0013765 
  71     0.13416     0.27263   0.0013854 
  71     0.13771     0.28094   0.0006287 
  71     0.14547     0.30114  -0.0009731 
  71     0.14724     0.30597  -0.0013297 
  71     0.14531     0.30069  -0.0009425 
  71     0.14168     0.29113  -0.0001976 
  72     0.13652     0.27760   0.0009014 
  72     0.13386     0.27195   0.0014436 
  72     0.13566     0.27561   0.0010853 
  72     0.14092     0.28908  -0.0000570 
  72     0.14716     0.30577  -0.0013131 
  72     0.14667     0.30442  -0.0012069 
  72     0.14317     0.29526  -0.0005018 
  73     0.13692     0.27869   0.0008125 
  73     0.13401     0.27230   0.0014140 
  73     0.13440     0.27313   0.0013382 
  73     0.13772     0.28095   0.0006275 
  73     0.14536     0.30084  -0.0009528 
  74     0.14727     0.30606  -0.0013368 
  74     0.14482     0.29937  -0.0008486 
  74     0.14012     0.28695   0.0000838 
  74     0.13440     0.27313   0.0013382 
  74     0.13386     0.27195   0.0014430 
  74     0.13669     0.27806   0.0008636 
  75     0.14408     0.29749  -0.0006973 
  75     0.14732     0.30620  -0.0013480 
  75     0.14518     0.30034  -0.0009176 
  75     0.14059     0.28817   0.0000016 
  75     0.13557     0.27542   0.0011050 
  75     0.13399     0.27225   0.0014186 
  76     0.13669     0.27804   0.0008652 
  76     0.14399     0.29727  -0.0006777 
  76     0.14715     0.30572  -0.0013096 
  76     0.14621     0.30318  -0.0011142 
  76     0.14165     0.29105  -0.0001917 
  76     0.13736     0.27995   0.0007115 
  77     0.13474     0.27380   0.0012718 
  77     0.13534     0.27496   0.0011521 
  77     0.14186     0.29164  -0.0002331 
  77     0.14595     0.30247  -0.0010643 
  77     0.14663     0.30432  -0.0011990 
  78     0.14467     0.29900  -0.0008205 
  78     0.13926     0.28475   0.0002583 
  78     0.13654     0.27765   0.0008978 
  78     0.13529     0.27487   0.0011619 
  78     0.13964     0.28570   0.0001758 
  79     0.14464     0.29892  -0.0008144 
  79     0.14614     0.30297  -0.0010993 
  79     0.14419     0.29776  -0.0007207 
  79     0.13919     0.28457   0.0002747 
  79     0.13692     0.27868   0.0008135 
  79     0.13624     0.27688   0.0009633 
  80     0.13995     0.28650   0.0001151 
  80     0.14412     0.29758  -0.0007050 
  80     0.14530     0.30066  -0.0009404 
  80     0.14357     0.29625  -0.0005875 
  81     0.13931     0.28487   0.0002472 
  81     0.13755     0.28049   0.0006672 
  81     0.13695     0.27879   0.0008048 
  81     0.14023     0.28722   0.0000649 
  81     0.14341     0.29584  -0.0005518 
  82     0.14444     0.29839  -0.0007728 
  82     0.14300     0.29482  -0.0004656 
  82     0.13938     0.28504   0.0002316 
  82     0.13784     0.28126   0.0005997 
  83     0.13817     0.28212   0.0005192 
  83     0.14228     0.29285  -0.0003185 
  83     0.14370     0.29657  -0.0006165 
  83     0.14308     0.29503  -0.0004832 
  84     0.14009     0.28685   0.0000904 
  84     0.13832     0.28247   0.0004835 
  84     0.13862     0.28320   0.0004106 
  84     0.14221     0.29263  -0.0003027 
  85     0.14328     0.29552  -0.0005241 
  85     0.14254     0.29358  -0.0003715 
  85     0.13943     0.28516   0.0002212 
  85     0.13855     0.28303   0.0004271 
  86     0.13946     0.28524   0.0002138 
  86     0.14255     0.29361  -0.0003733 
  86     0.14298     0.29477  -0.0004619 
  86     0.14205     0.29220  -0.0002720 
  87     0.13930     0.28486   0.0002480 
  87     0.13874     0.28349   0.0003804 
  87     0.14001     0.28665   0.0001047 
  88     0.14276     0.29417  -0.0004153 
  88     0.14276     0.29417  -0.0004153 
  88     0.14147     0.29056  -0.0001574 
  88     0.13891     0.28389   0.0003408 
  89     0.13893     0.28395   0.0003352 
  89     0.14085     0.28888  -0.0000442 
  89     0.14291     0.29457  -0.0004463 
  90     0.14261     0.29377  -0.0003849 
  90     0.14100     0.28928  -0.0000702 
  90     0.13889     0.28385   0.0003450 
  90     0.13899     0.28410   0.0003204 
  91     0.14108     0.28949  -0.0000841 
  91     0.14289     0.29452  -0.0004421 
  91     0.14250     0.29346  -0.0003622 
  91     0.14046     0.28783   0.0000239 
  92     0.13900     0.28412   0.0003184 
  92     0.13910     0.28437   0.0002937 
  92     0.14150     0.29065  -0.0001638 
  93     0.14275     0.29414  -0.0004133 
  93     0.14245     0.29331  -0.0003518 
  93     0.14071     0.28850  -0.0000196 
  93     0.13936     0.28499   0.0002365 
  93     0.13915     0.28448   0.0002831 
  94     0.14108     0.28949  -0.0000843 
  94     0.14247     0.29337  -0.0003556 
  94     0.14240     0.29319  -0.0003427 
  94     0.14105     0.28942  -0.0000797 
  95     0.13980     0.28611   0.0001441 
  95     0.13941     0.28512   0.0002246 
  95     0.14082     0.28880  -0.0000390 
  96     0.14212     0.29240  -0.0002865 
  96     0.14222     0.29267  -0.0003051 
  96     0.14133     0.29018  -0.0001306 
  96     0.14022     0.28721   0.0000655 
  96     0.13978     0.28607   0.0001471 
  97     0.14064     0.28832  -0.0000075 
  97     0.14178     0.29143  -0.0002186 
  97     0.14192     0.29183  -0.0002465 
  97     0.14126     0.28998  -0.0001173 
  98     0.14047     0.28787   0.0000218 
  98     0.14015     0.28703   0.0000783 
  98     0.14079     0.28872  -0.0000338 
  98     0.14158     0.29086  -0.0001785 
  99     0.14164     0.29104  -0.0001909 
  99     0.14109     0.28951  -0.0000856 
  99     0.14059     0.28819   0.0000006 
  99     0.14046     0.28783   0.0000243 
 100     0.14100     0.28928  -0.0000701 
 100     0.14148     0.29058  -0.0001592 
