time      velocity       gamma      alfa       thetas      psis      theta       phi        alt         beta 

   0     1890.0000    -0.0000    10.0000    10.0000    90.0000  1890.7607  3151.2679    30000.0000     0.0000 
   0     1890.0120    -0.0000    10.0000    10.0000    90.0000  1890.7611  3151.2679    30000.0000    -0.0004 
   0     1892.2416    -0.0024    10.2816    10.2792    89.9955  1890.8317  3151.2679    29999.9960    -0.0679 
   0     1898.1998     0.0041    13.9017    13.9062    89.8982  1891.0276  3151.2679    29999.9827    -0.1872 
   1     1902.5222     0.0445    20.0849    20.1302    89.6594  1891.1958  3151.2679    30000.1328    -0.1968 
   1     1904.7659     0.2309    33.6031    33.8316    88.8415  1891.4781  3151.2680    30001.6397    -0.1349 
   1     1899.9922     0.4930    39.0660    39.5438    87.8413  1891.7217  3151.2680    30005.4045    -0.1044 
   1     1896.5330     0.6738    35.7698    36.4143    87.3089  1891.8862  3151.2681    30009.5642    -0.0281 
   2     1896.1831     0.8535    26.0810    26.8827    86.9175  1892.1002  3151.2682    30016.6966     0.2332 
   2     1901.3230     0.9515    15.5904    16.4637    86.6729  1892.3519  3151.2684    30026.6220     0.6169 
   2     1907.1529     0.9690    11.4389    12.3278    86.6333  1892.5530  3151.2685    30034.9977     0.6743 
   3     1912.0559     0.9700    11.2617    12.1682    86.6935  1892.7145  3151.2686    30041.7732     0.4573 
   3     1917.9911     0.9854    15.0505    16.0002    86.7175  1892.9191  3151.2688    30050.4019    -0.0172 
   3     1922.0456     1.0352    21.3637    22.3741    86.4668  1893.0910  3151.2689    30057.8915    -0.3789 
   3     1924.0018     1.1388    29.5168    30.6193    85.7621  1893.2652  3151.2691    30066.0508    -0.5875 
   4     1921.7089     1.3469    37.6031    38.8588    84.2571  1893.4856  3151.2693    30077.8552    -0.6171 
   4     1918.1899     1.5134    38.3413    39.7023    83.2412  1893.6366  3151.2695    30087.2061    -0.4737 
   4     1915.0977     1.7107    32.8501    34.3180    82.5369  1893.8303  3151.2697    30100.7685    -0.0346 
   4     1916.4520     1.8626    22.7122    24.2250    82.3745  1894.0526  3151.2700    30118.0732     0.7442 
   5     1922.7247     1.9315    13.9379    15.4564    82.5523  1894.3173  3151.2704    30139.9543     1.3753 
   5     1927.0984     1.9398    12.0037    13.5784    82.8468  1894.4689  3151.2706    30152.6971     1.2178 
   5     1933.2967     1.9492    13.3894    15.1150    83.3224  1894.6820  3151.2710    30170.6870     0.3675 
   5     1937.6984     1.9781    17.6982    19.5434    83.3832  1894.8487  3151.2712    30184.8875    -0.4383 
   6     1941.5083     2.0798    26.9417    28.8870    82.3626  1895.0727  3151.2716    30204.5764    -1.1302 
   6     1940.8380     2.2520    35.4166    37.3728    80.0677  1895.2797  3151.2720    30224.0323    -1.2136 
   6     1937.2137     2.4424    38.1893    40.0815    77.7964  1895.4615  3151.2723    30242.6018    -0.8892 
   6     1934.1161     2.6091    35.3519    37.1597    76.6414  1895.6230  3151.2727    30260.3882    -0.2837 
   7     1933.9289     2.7948    25.3982    27.0674    76.5891  1895.8660  3151.2732    30289.1079     1.0475 
   7     1939.4213     2.8792    15.8165    17.4271    77.4353  1896.1364  3151.2738    30322.6984     2.1407 
   7     1943.5612     2.8904    13.2776    15.0380    78.1299  1896.2874  3151.2741    30341.7369     1.9824 
   7     1949.6447     2.8993    13.6366    15.8121    79.1462  1896.5015  3151.2746    30368.8298     0.7281 
   8     1954.1445     2.9253    17.2005    19.6828    79.4519  1896.6713  3151.2751    30390.4599    -0.5809 
   8     1958.4453     3.0226    25.9875    28.5942    78.0239  1896.9057  3151.2757    30420.9091    -1.7802 
   8     1958.5365     3.1739    33.9669    36.3350    74.7780  1897.1027  3151.2762    30447.6213    -1.9273 
   8     1955.1629     3.3749    37.7304    39.5667    70.9004  1897.3060  3151.2768    30476.8270    -1.3533 
   9     1952.1705     3.5385    35.3706    36.7289    69.2146  1897.4732  3151.2773    30502.2267    -0.3848 
   9     1951.8884     3.7153    25.9412    26.7640    69.6039  1897.7233  3151.2780    30542.2362     1.5960 
   9     1957.2648     3.7852    16.7013    17.4268    71.4449  1898.0003  3151.2789    30588.1409     3.0548 
  10     1961.5975     3.7895    14.2354    15.3826    72.6963  1898.1628  3151.2794    30615.3002     2.6798 
  10     1967.8585     3.7966    15.0793    17.2090    74.1552  1898.3898  3151.2802    30653.3204     0.6532 
  10     1971.7625     3.8250    18.5047    21.1669    74.3063  1898.5445  3151.2807    30679.3866    -1.0045 
  10     1975.6776     3.9304    27.0313    29.7514    71.8990  1898.7788  3151.2816    30719.5425    -2.6007 
  11     1975.5334     4.0862    34.3742    36.3076    67.2048  1898.9798  3151.2823    30755.2407    -2.7193 
  11     1972.7613     4.2599    37.1694    37.8851    62.7872  1899.1657  3151.2830    30789.6838    -1.9100 
  11     1969.9668     4.4287    34.1627    33.6259    60.8932  1899.3600  3151.2838    30827.2645    -0.2590 
  11     1970.4629     4.5609    25.5437    23.9300    62.1051  1899.6029  3151.2848    30876.0229     2.3876 
  12     1975.7046     4.5903    17.6221    15.8934    64.7464  1899.8718  3151.2859    30931.0860     4.1133 
  12     1979.8905     4.5780    15.5444    14.6201    66.2980  1900.0334  3151.2866    30964.2433     3.5412 
  12     1986.4608     4.5759    16.9587    17.9622    67.8479  1900.2808  3151.2877    31014.9631     0.5444 
  13     1990.3029     4.6124    21.0184    22.8944    67.4112  1900.4472  3151.2885    31049.2795    -1.7430 
  13     1993.3837     4.7445    29.9121    31.3977    63.0279  1900.6976  3151.2897    31101.8951    -3.6720 
  13     1992.3377     4.9109    35.5812    35.2399    57.2018  1900.9050  3151.2907    31147.0322    -3.4901 
  13     1990.2344     5.0436    36.2509    34.1013    53.9248  1901.0622  3151.2915    31182.3809    -2.3618 
  14     1988.5869     5.1661    32.9852    28.9552    52.9746  1901.2378  3151.2924    31222.9944    -0.2640 
  14     1989.5880     5.2437    25.8651    20.0261    54.6901  1901.4614  3151.2935    31275.8741     2.9636 
  14     1995.0124     5.2186    18.8027    12.4955    57.8741  1901.7447  3151.2951    31343.4101     5.3074 
  14     1999.0078     5.1792    17.2501    12.1262    59.3228  1901.9050  3151.2960    31381.4280     4.5614 
  15     2005.2424     5.1517    19.0293    16.8346    60.1941  1902.1524  3151.2974    31439.8006     0.8080 
  15     2008.8752     5.1846    23.2710    22.4272    58.9721  1902.3257  3151.2984    31480.8055    -2.1934 
  15     2011.2755     5.3049    30.7922    29.4659    54.2020  1902.5601  3151.2998    31537.2272    -4.6376 
  16     2010.4415     5.4571    35.1296    31.4522    48.9718  1902.7673  3151.3011    31588.5873    -4.6169 
  16     2009.0402     5.5674    35.0552    29.1158    46.6740  1902.9214  3151.3021    31627.8245    -3.2838 
  16     2008.5443     5.6796    29.6038    19.8655    47.1174  1903.1799  3151.3038    31695.2707     0.8839 
  16     2011.4896     5.6626    23.5360    10.9996    49.7188  1903.4175  3151.3053    31758.0383     5.0004 
  17     2016.6463     5.5586    19.9808     7.1009    51.9330  1903.6626  3151.3070    31822.2458     6.4536 
  17     2020.3733     5.4875    19.6360     8.4169    52.4993  1903.8201  3151.3081    31862.9356     5.0347 
  17     2025.7646     5.4365    22.5428    14.9516    51.4748  1904.0609  3151.3099    31924.5837     0.3661 
  18     2028.7903     5.4703    27.3233    21.3499    48.7546  1904.2502  3151.3113    31973.1507    -3.3808 
  18     2029.8653     5.5974    33.1307    26.4224    43.8954  1904.4970  3151.3131    32037.5907    -5.8857 
  18     2029.2297     5.7054    34.1912    25.5975    41.6425  1904.6692  3151.3145    32083.7394    -5.4692 
  18     2028.8533     5.7832    32.5376    21.6925    41.3716  1904.8234  3151.3157    32125.8851    -3.5907 
  19     2030.1908     5.8191    27.7382    12.6043    43.1899  1905.0546  3151.3175    32189.9810     1.1097 
  19     2033.6771     5.7409    23.8744     4.4572    45.4786  1905.2799  3151.3194    32252.4761     5.7020 
  19     2038.6146     5.5751    22.2854     1.1236    46.5753  1905.5235  3151.3215    32318.8240     7.3601 
  19     2042.3869     5.4546    22.7925     3.2775    45.9073  1905.7020  3151.3230    32366.3354     5.4678 
  20     2046.9392     5.3637    26.0540    10.7098    43.0606  1905.9479  3151.3252    32430.7023     0.0661 
  20     2049.3986     5.3856    30.4789    17.8218    39.5534  1906.1741  3151.3272    32489.8060    -4.6913 
  20     2050.0525     5.4728    32.7441    20.6163    37.3634  1906.3881  3151.3292    32546.6107    -6.7307 
  21     2050.3300     5.5438    31.9593    18.9918    37.3319  1906.5479  3151.3307    32589.8382    -6.1229 
  21     2052.4293     5.5910    27.6618    10.5129    39.6310  1906.8116  3151.3333    32662.4102    -1.4492 
  21     2055.3009     5.5365    25.1839     3.1896    41.5020  1906.9936  3151.3351    32712.6577     3.0489 
  22     2059.1471     5.3952    24.3535    -2.9736    42.6006  1907.1969  3151.3371    32768.0128     6.8916 
  22     2063.1847     5.2008    25.0380    -4.6722    41.9074  1907.4098  3151.3393    32824.3913     7.5313 
  22     2066.9270     5.0214    26.5919    -0.9532    39.3972  1907.6275  3151.3416    32880.2220     4.3310 
  22     2069.4598     4.9307    28.4129     4.6837    36.8103  1907.8058  3151.3435    32924.8996     0.0615 
  23     2071.6660     4.9071    30.5461    11.4371    34.3508  1908.0260  3151.3459    32979.6896    -4.8631 
  23     2072.8935     4.9390    30.8927    14.0880    33.8428  1908.1946  3151.3478    33021.9352    -6.9336 
  23     2074.1868     4.9789    29.7454    13.5689    34.5786  1908.3492  3151.3495    33061.1070    -6.9157 
  24     2077.8251     4.9944    26.2188     6.5331    37.2855  1908.6137  3151.3526    33129.0214    -2.6636 
  24     2081.1569     4.9285    25.0052    -0.3535    38.8583  1908.7897  3151.3546    33174.1849     1.8170 
  24     2084.1598     4.8170    25.3777    -5.7833    39.4678  1908.9422  3151.3564    33212.7756     5.2654 
  24     2088.7451     4.5445    27.5908   -10.3444    38.2413  1909.2086  3151.3597    33277.8452     7.4536 
  25     2091.5911     4.3310    28.8246    -8.2247    35.7985  1909.4134  3151.3622    33325.4795     5.1538 
  25     2094.6343     4.1506    29.3045    -1.1179    32.9506  1909.6580  3151.3653    33380.0574    -0.4101 
  25     2096.8699     4.0915    29.1389     4.3859    31.9018  1909.8384  3151.3676    33419.4408    -4.4724 
  26     2100.0845     4.0843    27.8857     7.7682    32.3386  1910.0712  3151.3707    33470.1764    -7.0727 
  26     2103.4627     4.0853    26.1111     5.6713    33.8101  1910.2676  3151.3733    33513.2743    -5.8353 
  26     2106.9978     4.0465    25.1279     0.4339    35.2390  1910.4421  3151.3757    33551.6129    -2.4009 
  26     2109.9356     3.9716    25.4611    -4.9400    36.0798  1910.5818  3151.3776    33582.0135     1.0607 
  27     2114.3738     3.7477    28.1225   -13.2151    36.2715  1910.8240  3151.3810    33633.0932     5.8044 
  27     2117.4449     3.4577    30.3227   -16.0638    34.8608  1911.0636  3151.3844    33680.4850     6.4763 
  27     2119.2058     3.2683    30.1955   -14.1256    33.5846  1911.2234  3151.3868    33710.1222     4.5296 
  28     2121.9944     3.0700    28.5028    -8.3033    32.2564  1911.4329  3151.3899    33746.8898     0.1375 
  28     2125.6358     2.9521    26.5449    -2.1805    31.6821  1911.6400  3151.3930    33781.6282    -4.2628 
  28     2129.2525     2.9009    25.2922     0.5664    31.7875  1911.8138  3151.3956    33810.1845    -6.3059 
  28     2133.0752     2.8626    24.6183    -0.1515    32.2601  1911.9825  3151.3982    33837.6441    -5.9851 
  29     2137.7855     2.7832    25.1213    -5.3025    33.0248  1912.1856  3151.4014    33870.2962    -2.8133 
  29     2141.9887     2.6284    27.5586   -12.9890    33.6875  1912.3896  3151.4047    33901.9590     1.6181 
  29     2145.2627     2.3583    30.9592   -20.2245    34.0633  1912.6219  3151.4085    33935.4206     5.1115 
  30     2146.9930     2.1004    31.6957   -21.9654    34.1481  1912.8104  3151.4116    33959.7997     5.4158 
  30     2148.5431     1.8995    30.3479   -20.2200    34.1134  1912.9604  3151.4141    33977.2702     4.0032 
  30     2152.2955     1.6456    26.5047   -14.1701    33.8008  1913.1871  3151.4180    34000.7377     0.0180 
  31     2156.5594     1.5021    23.9228    -9.3268    33.2895  1913.3676  3151.4211    34017.4599    -3.2967 
  31     2161.5672     1.3954    22.8463    -7.0409    32.7362  1913.5533  3151.4244    34033.4140    -5.1469 
  31     2166.2134     1.3043    23.4277    -8.4512    32.4292  1913.7228  3151.4274    34047.1011    -4.6746 
  32     2172.3957     1.1075    27.0888   -16.0651    32.5688  1913.9808  3151.4320    34065.9778    -0.8809 
  32     2175.5890     0.8677    30.9814   -23.2881    33.3589  1914.1868  3151.4358    34078.4063     2.4331 
  32     2177.2669     0.5716    32.6584   -27.2306    34.8587  1914.3927  3151.4397    34087.5046     4.0765 
  33     2178.5592     0.3364    31.2475   -26.6871    36.1620  1914.5496  3151.4427    34091.8835     3.8337 
  33     2180.8767     0.1126    27.9496   -23.4745    37.0346  1914.7098  3151.4457    34094.0849     2.3814 
  33     2185.6564    -0.1253    23.5091   -18.1030    36.9185  1914.9129  3151.4497    34093.9418    -0.5082 
  33     2191.1365    -0.2956    21.4196   -14.8535    35.8963  1915.0962  3151.4533    34091.4923    -2.8512 
  34     2195.6788    -0.4149    21.5845   -14.6146    34.9634  1915.2409  3151.4562    34088.2494    -3.6430 
  34     2200.9181    -0.5698    23.8946   -17.5290    34.1231  1915.4190  3151.4597    34082.7115    -2.9721 
  34     2206.2453    -0.8523    29.5687   -25.5202    34.1628  1915.6688  3151.4649    34071.4843    -0.1650 
  35     2208.0779    -1.1236    32.7775   -30.6503    35.6629  1915.8553  3151.4687    34059.6537     1.7688 
  35     2208.7529    -1.3305    32.9876   -31.9804    37.4146  1915.9849  3151.4715    34049.3510     2.5225 
  35     2210.5510    -1.6442    29.7298   -29.8517    40.1219  1916.1830  3151.4757    34030.1315     2.5326 
  36     2214.4488    -1.9147    24.7060   -25.1545    41.2845  1916.3742  3151.4798    34007.7592     1.3343 
  36     2219.4396    -2.1184    21.4225   -21.6343    40.7757  1916.5428  3151.4834    33985.2928    -0.3001 
  36     2224.5547    -2.2848    20.5875   -20.4384    39.5595  1916.6966  3151.4868    33962.8195    -1.6206 
  36     2228.9810    -2.4279    21.7370   -21.4457    38.4091  1916.8311  3151.4898    33941.6733    -2.1800 
  37     2233.8734    -2.6273    25.3609   -25.3738    37.3799  1917.0027  3151.4936    33912.5758    -1.8889 
  37     2237.7751    -2.9659    31.4409   -32.6869    37.8868  1917.2404  3151.4990    33867.7190    -0.3552 
  37     2238.5723    -3.2348    33.1933   -35.4751    40.0508  1917.4024  3151.5027    33833.4914     0.7294 
  38     2239.0396    -3.4404    32.2467   -35.1943    42.2503  1917.5226  3151.5055    33806.0164     1.3378 
  38     2242.4064    -3.8327    26.1452   -29.9226    45.6527  1917.7682  3151.5113    33744.3467     1.7596 
  38     2246.5811    -4.0449    22.3764   -26.3713    45.9965  1917.9222  3151.5149    33702.2111     1.2815 
  39     2252.4118    -4.2654    20.6246   -24.6942    44.8882  1918.0992  3151.5192    33650.8773     0.1299 
  39     2256.2371    -4.4048    21.3462   -25.4219    43.7541  1918.2132  3151.5219    33616.1982    -0.6745 
  39     2261.0976    -4.6197    24.7094   -28.8718    42.2967  1918.3779  3151.5259    33563.8149    -1.4437 
  39     2264.4061    -4.8881    29.7264   -34.2424    41.9917  1918.5559  3151.5303    33503.8378    -1.4771 
  40     2265.3684    -5.2201    32.8588   -37.9820    44.1652  1918.7474  3151.5350    33434.6978    -0.7165 
  40     2265.5375    -5.4534    32.0800   -37.5333    46.7476  1918.8766  3151.5383    33385.1367     0.1088 
  40     2267.4580    -5.7820    27.4175   -33.0473    50.1495  1919.0703  3151.5432    33306.4038     1.4426 
  41     2272.7119    -6.0883    22.3235   -28.0467    51.2691  1919.2824  3151.5486    33214.7238     2.0266 
  41     2276.6442    -6.2507    21.2773   -27.2038    50.6402  1919.4068  3151.5518    33158.5946     1.5128 
  41     2280.9690    -6.4314    22.3194   -28.5764    49.2979  1919.5441  3151.5553    33094.6874     0.3331 
  41     2284.4047    -6.6164    25.1662   -31.7395    48.0439  1919.6733  3151.5587    33032.5234    -0.9030 
  42     2286.4524    -6.8032    28.4755   -35.2956    47.5242  1919.7898  3151.5617    32974.6115    -1.7151 
  42     2287.3251    -7.0709    31.7601   -38.8092    48.3893  1919.9394  3151.5656    32897.3610    -1.9871 
  42     2287.1327    -7.3139    32.1746   -39.2367    50.5133  1920.0678  3151.5691    32828.2508    -1.4266 
  42     2287.3445    -7.5634    29.9708   -36.7318    53.2539  1920.2031  3151.5727    32752.5771    -0.1407 
  43     2289.0026    -7.7934    26.3201   -32.5115    55.4602  1920.3415  3151.5764    32672.2875     1.4769 
  43     2293.3662    -8.0541    22.6874   -28.3811    56.5614  1920.5266  3151.5814    32560.9215     2.7352 
  43     2296.5336    -8.1992    22.3063   -28.2059    56.2001  1920.6386  3151.5844    32491.5569     2.3732 
  43     2299.5899    -8.3529    23.5410   -30.0206    55.3015  1920.7526  3151.5875    32419.4744     1.1548 
  44     2302.2482    -8.5525    26.5687   -33.8411    54.1956  1920.8838  3151.5911    32334.4571    -0.7006 
  44     2303.3612    -8.7834    29.9115   -37.7474    53.8014  1921.0149  3151.5947    32246.9992    -2.1717 
  44     2303.1302    -9.0097    31.5308   -39.5071    54.5004  1921.1319  3151.5980    32166.4750    -2.6176 
  44     2302.6318    -9.2012    31.2467   -39.0009    55.7967  1921.2288  3151.6007    32097.9996    -2.2053 
  45     2302.4880    -9.3920    29.5344   -36.6851    57.4859  1921.3291  3151.6035    32025.3048    -1.0718 
  45     2303.4032    -9.5989    26.5868   -32.5794    59.4320  1921.4506  3151.6069    31935.1234     0.8822 
  45     2305.8936    -9.8008    23.9311   -28.5680    60.9877  1921.5928  3151.6109    31826.9109     2.8523 
  45     2308.9469    -9.9730    23.4457   -27.7361    61.4576  1921.7312  3151.6148    31719.2556     3.1393 
  46     2311.1398   -10.1142    24.6498   -29.5975    61.1560  1921.8402  3151.6179    31632.8223     1.9724 
  46     2312.7947   -10.3207    27.5241   -33.8650    60.3850  1921.9754  3151.6217    31523.5507    -0.4275 
  46     2312.7646   -10.5618    30.1436   -37.5874    59.8378  1922.1066  3151.6255    31414.8329    -2.4370 
  46     2311.8874   -10.7738    30.7454   -38.4912    59.9352  1922.2117  3151.6285    31325.4108    -3.0392 
  46     2311.1119   -10.9687    29.7571   -37.1590    60.5814  1922.3085  3151.6313    31241.2865    -2.5341 
  47     2311.2030   -11.2398    26.6136   -32.1862    62.4283  1922.4588  3151.6356    31107.2830    -0.0290 
  47     2312.3842   -11.4003    24.8042   -28.4361    64.0064  1922.5695  3151.6388    31006.3639     2.1654 
  47     2314.2982   -11.5594    24.4566   -26.4443    65.5350  1922.7032  3151.6427    30882.3930     3.5044 
  48     2315.5486   -11.6846    25.5823   -27.6548    66.1653  1922.8109  3151.6458    30781.1700     2.8541 
  48     2316.0095   -11.8545    27.7314   -31.3026    66.0851  1922.9332  3151.6494    30664.5823     0.6283 
  48     2315.3248   -12.0398    29.4291   -34.7032    65.3949  1923.0403  3151.6525    30560.6304    -1.6007 
  48     2313.7964   -12.2691    29.8700   -36.4145    64.4450  1923.1557  3151.6559    30446.3366    -3.0820 
  48     2312.6418   -12.4600    28.8375   -35.5053    64.0568  1923.2493  3151.6586    30351.8318    -3.0225 
  49     2312.0903   -12.7225    26.1952   -30.9983    64.9487  1923.3924  3151.6629    30204.0822    -0.7276 
  49     2312.4985   -12.8620    25.1067   -27.5538    66.4270  1923.4884  3151.6657    30103.1326     1.4726 
  49     2312.9619   -12.9558    25.0806   -25.5737    67.8371  1923.5679  3151.6680    30018.6456     2.8944 
  49     2313.2381   -13.0839    26.3400   -25.2620    69.7083  1923.6919  3151.6717    29885.6789     3.3281 
  50     2312.6768   -13.1944    27.7623   -27.3158    70.3963  1923.7881  3151.6745    29781.3387     2.0418 
  50     2311.0022   -13.3660    29.0587   -30.9495    69.9285  1923.9040  3151.6780    29654.2479    -0.5247 
  50     2309.1848   -13.5354    29.1927   -33.1029    68.7124  1923.9965  3151.6807    29551.2172    -2.3458 
  50     2307.5633   -13.7075    28.4089   -33.4721    67.4985  1924.0829  3151.6832    29453.6575    -3.1275 
  50     2306.2184   -13.9126    26.7401   -31.5211    66.9089  1924.1883  3151.6864    29332.6663    -2.4309 
  51     2305.6222   -14.0941    25.4531   -27.7333    67.9145  1924.2985  3151.6896    29204.1280    -0.1344 
  51     2305.3613   -14.1936    25.4618   -25.1317    69.3915  1924.3763  3151.6919    29112.2947     1.6747 
  51     2304.4698   -14.3062    26.7446   -23.1515    71.8246  1924.4912  3151.6953    28975.6195     3.1651 
  51     2302.9399   -14.3894    28.0387   -23.7708    73.1677  1924.5820  3151.6980    28866.7824     2.7605 
  51     2300.3337   -14.5088    28.8952   -26.3282    73.3391  1924.6863  3151.7011    28740.7554     0.8497 
  52     2297.7619   -14.6462    28.7250   -28.8205    72.2085  1924.7768  3151.7038    28630.4100    -1.2033 
  52     2295.2471   -14.8236    27.6647   -30.1878    70.3965  1924.8747  3151.7067    28509.5582    -2.6989 
  52     2293.7840   -14.9620    26.5971   -29.7430    69.4291  1924.9479  3151.7089    28418.1707    -2.8075 
  52     2292.3033   -15.1421    25.5325   -27.1478    69.5419  1925.0519  3151.7120    28286.5645    -1.3648 
  52     2291.4912   -15.2336    25.5569   -24.9424    70.5253  1925.1165  3151.7139    28204.0183     0.1052 
  52     2290.2028   -15.3214    26.4028   -22.4504    72.3297  1925.1969  3151.7162    28100.6696     1.8226 
  53     2287.2160   -15.4118    28.2078   -20.8952    74.7651  1925.3102  3151.7196    27954.0279     2.7918 
  53     2284.3767   -15.4723    28.9484   -21.5518    75.5360  1925.3875  3151.7219    27853.5314     2.1639 
  53     2281.1666   -15.5519    28.8512   -23.2995    75.1925  1925.4670  3151.7242    27749.6954     0.6985 
  53     2278.2561   -15.6526    28.0301   -25.1971    73.9451  1925.5433  3151.7265    27649.4367    -0.9384 
  53     2275.3423   -15.8017    26.6171   -26.5270    72.1145  1925.6359  3151.7292    27526.6514    -2.3096 
  54     2273.6576   -15.9182    25.7407   -26.2842    71.2979  1925.7041  3151.7312    27435.4162    -2.4241 
  54     2271.6850   -16.0620    25.4124   -24.3447    71.5949  1925.7955  3151.7339    27312.0959    -1.2975 
  54     2269.6976   -16.1618    26.1871   -21.7667    73.0665  1925.8765  3151.7362    27201.8447     0.3773 
  54     2266.4291   -16.2391    27.8732   -19.1825    75.2788  1925.9698  3151.7390    27074.0879     1.9524 
  54     2261.2847   -16.2988    29.1793   -18.2971    76.8326  1926.0745  3151.7420    26930.1551     2.1826 
  54     2257.7834   -16.3389    29.0576   -18.9858    76.7649  1926.1383  3151.7439    26842.2537     1.4625 
  55     2253.3955   -16.4148    27.8691   -20.7821    75.5261  1926.2242  3151.7464    26723.5358    -0.0942 
  55     2250.1597   -16.5090    26.4263   -22.2845    73.9572  1926.3017  3151.7486    26615.8156    -1.4149 
  55     2247.8066   -16.6079    25.4475   -22.7797    72.9509  1926.3718  3151.7506    26517.9172    -1.9870 
  55     2245.7905   -16.7027    25.1782   -22.1949    72.8311  1926.4384  3151.7526    26424.2806    -1.7539 
  55     2242.5261   -16.8184    26.1636   -19.8017    74.1887  1926.5348  3151.7553    26287.6820    -0.3381 
  56     2239.3118   -16.8754    27.6000   -17.6440    75.8043  1926.6054  3151.7574    26187.3007     0.8802 
  56     2232.0013   -16.9262    29.3493   -15.4156    77.6642  1926.7227  3151.7607    26019.9260     1.8124 
  56     2227.9510   -16.9447    29.2113   -15.4469    77.6099  1926.7803  3151.7624    25937.5719     1.5358 
  56     2222.8312   -16.9808    27.9610   -16.5231    76.5231  1926.8585  3151.7646    25825.8811     0.5520 
  56     2219.0028   -17.0326    26.4105   -17.8764    75.1038  1926.9292  3151.7666    25724.6136    -0.5435 
  56     2215.9866   -17.1000    25.2735   -18.7774    74.0601  1926.9979  3151.7685    25625.8137    -1.3201 
  57     2213.5977   -17.1660    24.9796   -18.8009    73.8475  1927.0585  3151.7703    25538.4624    -1.4894 
  57     2209.6691   -17.2567    25.9840   -17.3001    74.9448  1927.1494  3151.7728    25406.6578    -0.7774 
  57     2205.3189   -17.3077    27.6895   -15.1639    76.6006  1927.2254  3151.7750    25296.1379     0.2653 
  57     2198.2322   -17.3340    29.3408   -12.8774    78.0883  1927.3189  3151.7776    25159.9259     1.2104 
  57     2192.5089   -17.3376    29.3238   -12.2515    78.0566  1927.3860  3151.7794    25062.3151     1.3042 
  57     2186.6911   -17.3425    28.0907   -12.6835    76.9860  1927.4583  3151.7815    24957.0973     0.8370 
  58     2180.9014   -17.3673    25.9669   -14.0509    75.1949  1927.5471  3151.7839    24827.8879    -0.1729 
  58     2177.3111   -17.4044    24.9545   -14.8552    74.4022  1927.6161  3151.7858    24727.4837    -0.8303 
  58     2174.5491   -17.4413    24.9640   -14.8880    74.5114  1927.6723  3151.7874    24645.5073    -1.0316 
  58     2170.0736   -17.4898    26.2518   -13.7635    75.7656  1927.7523  3151.7896    24528.5169    -0.7065 
  58     2164.4590   -17.5159    28.1367   -11.8252    77.4110  1927.8287  3151.7916    24416.7142     0.0101 
  58     2157.0889   -17.5155    29.4254    -9.9306    78.3797  1927.9083  3151.7938    24300.2789     0.6860 
  59     2151.5176   -17.5026    29.3282    -9.2172    78.1592  1927.9639  3151.7953    24219.0164     0.9085 
  59     2144.3407   -17.4799    27.8847    -9.2934    76.7963  1928.0408  3151.7974    24107.0477     0.7814 
  59     2139.2772   -17.4667    26.2105   -10.0150    75.3740  1928.1060  3151.7992    24012.1636     0.3524 
  59     2135.5126   -17.4643    25.1265   -10.6970    74.5482  1928.1641  3151.8007    23927.7720    -0.1219 
  59     2131.8313   -17.4706    24.8956   -11.0088    74.5160  1928.2259  3151.8024    23838.0826    -0.5228 
  59     2127.8400   -17.4804    25.7269   -10.6023    75.3855  1928.2885  3151.8040    23747.3493    -0.6601 
  59     2120.0538   -17.4822    28.0818    -8.7401    77.4354  1928.3833  3151.8065    23609.8172    -0.3216 
  60     2111.3758   -17.4570    29.3952    -6.9152    78.3093  1928.4652  3151.8087    23491.2677     0.2068 
  60     2105.2360   -17.4269    29.2077    -6.1737    77.9061  1928.5195  3151.8101    23413.0711     0.4957 
  60     2096.7013   -17.3716    27.5013    -6.0622    76.1522  1928.6017  3151.8123    23294.9837     0.6598 
  60     2090.7147   -17.3259    25.7539    -6.5993    74.6096  1928.6723  3151.8141    23193.9974     0.4801 
  60     2086.0043   -17.2914    24.9549    -7.0439    74.0620  1928.7374  3151.8158    23101.1287     0.1216 
  60     2082.2841   -17.2686    25.2039    -7.0488    74.4503  1928.7898  3151.8172    23026.6517    -0.1882 
  61     2076.9958   -17.2420    26.5050    -6.4237    75.7472  1928.8557  3151.8189    22933.1204    -0.4481 
  61     2068.5264   -17.1992    28.5689    -4.8821    77.4948  1928.9389  3151.8210    22815.4689    -0.4218 
  61     2059.0360   -17.1396    29.3096    -3.4892    77.7971  1929.0168  3151.8230    22705.7302    -0.0809 
  61     2052.0617   -17.0841    28.6661    -2.9499    76.8992  1929.0737  3151.8244    22626.1417     0.2471 
  61     2041.5344   -16.9734    26.2477    -3.0213    74.3582  1929.1738  3151.8270    22486.7531     0.6344 
  61     2034.7554   -16.8857    25.1109    -3.3037    73.3722  1929.2540  3151.8290    22376.0441     0.5013 
  62     2029.9136   -16.8250    25.4393    -3.1835    73.8275  1929.3129  3151.8304    22295.1128     0.1634 
  62     2024.3487   -16.7647    26.6680    -2.6140    75.0850  1929.3732  3151.8320    22212.6749    -0.2342 
  62     2018.2064   -16.7070    28.0599    -1.7718    76.3643  1929.4292  3151.8333    22136.5252    -0.4902 
  62     2008.9068   -16.6238    29.1327    -0.6294    77.1217  1929.5019  3151.8351    22038.1119    -0.4955 
  62     2001.7805   -16.5543    28.9082    -0.0530    76.6156  1929.5551  3151.8364    21966.6105    -0.2508 
  62     1994.2111   -16.4667    27.7531     0.2211    75.1646  1929.6153  3151.8379    21886.0923     0.1829 
  62     1986.8586   -16.3606    26.1526     0.2172    73.3294  1929.6831  3151.8396    21796.1586     0.6319 
  63     1980.5130   -16.2515    25.3127     0.2508    72.3984  1929.7506  3151.8412    21707.3600     0.7534 
  63     1975.5869   -16.1647    25.5565     0.4993    72.6599  1929.8040  3151.8425    21637.4992     0.5341 
  63     1968.4749   -16.0525    26.8905     1.1966    74.0402  1929.8733  3151.8442    21547.5482    -0.0236 
  63     1960.9687   -15.9522    28.2768     2.0075    75.3965  1929.9348  3151.8457    21468.3200    -0.4919 
  63     1953.4262   -15.8602    28.9456     2.6587    75.9373  1929.9897  3151.8470    21398.1231    -0.6684 
  63     1946.3164   -15.7720    28.7589     3.0517    75.5455  1930.0400  3151.8482    21334.2887    -0.5489 
  63     1937.4484   -15.6465    27.5334     3.2719    73.9311  1930.1070  3151.8498    21249.9543    -0.0343 
  64     1930.9815   -15.5351    26.3110     3.3517    72.3363  1930.1626  3151.8511    21180.5531     0.4918 
  64     1924.0834   -15.3948    25.5305     3.6095    71.1678  1930.2292  3151.8527    21098.1215     0.8699 
  64     1918.5315   -15.2756    25.7889     4.0635    71.2507  1930.2839  3151.8539    21031.1854     0.7805 
  64     1911.6508   -15.1379    26.8969     4.8014    72.3310  1930.3456  3151.8554    20956.2125     0.2825 
  64     1904.8660   -15.0184    28.0129     5.4525    73.5111  1930.3987  3151.8566    20892.3221    -0.2673 
  64     1896.2246   -14.8819    28.7476     6.0037    74.2937  1930.4596  3151.8581    20819.8876    -0.7087 
  64     1889.4873   -14.7783    28.6140     6.2072    74.0987  1930.5055  3151.8591    20765.7089    -0.7530 
  65     1879.5367   -14.6115    27.4095     6.2891    72.5102  1930.5777  3151.8608    20681.4670    -0.2747 
  65     1873.0567   -14.4827    26.3573     6.3835    70.9602  1930.6307  3151.8620    20620.2874     0.3120 
  65     1866.8125   -14.3397    25.7537     6.7284    69.7524  1930.6868  3151.8633    20556.1628     0.8230 
  65     1860.5590   -14.1865    25.9827     7.3896    69.4874  1930.7439  3151.8646    20491.6205     0.9427 
  65     1854.4053   -14.0407    26.8176     8.1566    70.1123  1930.7962  3151.8658    20433.2501     0.6310 
  65     1845.8799   -13.8577    28.0106     8.9765    71.3851  1930.8603  3151.8673    20362.5107    -0.0789 
  65     1837.1215   -13.6882    28.5706     9.3703    72.1657  1930.9200  3151.8686    20297.5400    -0.6614 
  66     1830.4659   -13.5638    28.3814     9.4060    72.0653  1930.9645  3151.8696    20249.6871    -0.8250 
  66     1820.1258   -13.3582    27.2032     9.2874    70.5868  1931.0383  3151.8713    20171.3087    -0.4351 
  66     1813.5233   -13.2073    26.3027     9.3697    69.0722  1931.0911  3151.8725    20116.1164     0.1794 
  66     1807.0535   -13.0413    25.9183     9.8411    67.8226  1931.1467  3151.8737    20058.6448     0.7715 
  66     1799.3988   -12.8349    26.4344    10.8522    67.4530  1931.2118  3151.8752    19992.3963     0.9635 
  66     1792.2562   -12.6497    27.3633    11.7929    68.0548  1931.2671  3151.8764    19937.0097     0.5987 
  67     1783.3609   -12.4366    28.2298    12.4880    69.0844  1931.3293  3151.8778    19875.6577    -0.1330 
  67     1775.3512   -12.2566    28.3684    12.6215    69.5646  1931.3825  3151.8790    19824.1497    -0.6646 
  67     1769.2064   -12.1198    28.0167    12.4940    69.3912  1931.4238  3151.8799    19784.6662    -0.8287 
  67     1759.7865   -11.8985    26.9378    12.2273    68.0705  1931.4917  3151.8814    19720.7192    -0.4954 
  67     1753.0991   -11.7234    26.2230    12.3169    66.6016  1931.5450  3151.8826    19671.4417     0.1259 
  67     1747.5073   -11.5648    26.0861    12.7918    65.5149  1931.5917  3151.8837    19628.8617     0.6560 
  67     1739.0575   -11.3186    26.7718    14.0166    64.8828  1931.6600  3151.8852    19567.6383     0.9472 
  67     1732.2845   -11.1276    27.5526    14.9321    65.1818  1931.7100  3151.8863    19523.7128     0.6743 
  68     1723.1125   -10.8823    28.2083    15.6068    65.9644  1931.7726  3151.8876    19469.8118    -0.0296 
  68     1715.6405   -10.6896    28.1717    15.6401    66.3545  1931.8221  3151.8887    19428.0442    -0.5550 
  68     1709.2699   -10.5251    27.7318    15.4070    66.2230  1931.8654  3151.8897    19392.1569    -0.7793 
  68     1699.9621   -10.2726    26.7109    15.0194    65.0277  1931.9336  3151.8912    19336.7000    -0.5123 
  68     1693.4935   -10.0820    26.2104    15.1112    63.6754  1931.9854  3151.8923    19295.5521     0.0581 
  68     1687.9524    -9.9106    26.2697    15.6351    62.5961  1932.0309  3151.8933    19260.0505     0.5647 
  69     1678.9706    -9.6315    27.1203    16.9787    61.7399  1932.1007  3151.8949    19206.7246     0.8772 
  69     1670.8684    -9.3885    27.8896    17.9732    61.8622  1932.1581  3151.8961    19164.0867     0.5622 
  69     1661.3905    -9.1136    28.1590    18.4137    62.3837  1932.2215  3151.8975    19118.2357    -0.1231 
  69     1654.5813    -8.9168    27.8397    18.2544    62.5558  1932.2673  3151.8985    19085.9032    -0.5468 
  69     1648.4375    -8.7351    27.2624    17.9069    62.3069  1932.3108  3151.8995    19055.8941    -0.7052 
  69     1639.3538    -8.4513    26.3732    17.5323    61.0174  1932.3808  3151.9010    19008.9272    -0.3519 
  69     1634.8418    -8.3031    26.2292    17.6761    60.0880  1932.4176  3151.9018    18984.7864     0.0327 
  70     1628.8717    -8.1041    26.5235    18.3073    58.9291  1932.4660  3151.9029    18953.7225     0.5175 
  70     1618.0478    -7.7519    27.6281    19.8458    57.8430  1932.5469  3151.9047    18903.5392     0.7368 
  70     1610.5579    -7.5163    28.0933    20.5400    57.8197  1932.5983  3151.9058    18872.7853     0.4066 
  70     1602.6774    -7.2699    28.0213    20.6971    58.0434  1932.6514  3151.9070    18842.0364    -0.1103 
  70     1595.8183    -7.0509    27.5084    20.4013    58.0944  1932.6992  3151.9081    18815.1636    -0.4834 
  70     1588.9886    -6.8240    26.7844    19.9274    57.6928  1932.7503  3151.9092    18787.3695    -0.5787 
  70     1582.6021    -6.6018    26.2897    19.6841    56.7544  1932.8017  3151.9104    18760.2462    -0.3158 
  71     1578.2075    -6.4455    26.2846    19.8374    55.8717  1932.8383  3151.9112    18741.5222     0.0069 
  71     1572.1896    -6.2332    26.7379    20.4697    54.6603  1932.8870  3151.9123    18717.2140     0.4247 
  71     1560.9613    -5.8535    27.8667    21.8919    53.2698  1932.9700  3151.9141    18677.7155     0.6004 
  71     1551.8418    -5.5540    28.1196    22.4272    53.0249  1933.0326  3151.9155    18649.5427     0.2200 
  71     1546.1492    -5.3643    27.8463    22.3502    53.0549  1933.0721  3151.9164    18632.5385    -0.1003 
  71     1540.3608    -5.1651    27.2964    22.0007    53.0169  1933.1142  3151.9174    18615.0181    -0.3652 
  72     1533.4317    -4.9150    26.5442    21.4567    52.5816  1933.1686  3151.9186    18593.3126    -0.4366 
  72     1528.2773    -4.7220    26.2475    21.2613    51.8337  1933.2119  3151.9196    18576.7730    -0.2544 
  72     1522.7782    -4.5158    26.4368    21.4937    50.7173  1933.2586  3151.9207    18559.6513     0.0744 
  72     1515.7620    -4.2617    27.1827    22.2505    49.2812  1933.3150  3151.9220    18539.9944     0.4135 
  72     1504.5981    -3.8795    28.1068    23.2999    47.8738  1933.3962  3151.9239    18513.6409     0.4034 
  72     1497.2405    -3.6303    28.0266    23.4166    47.5579  1933.4479  3151.9251    18498.1606     0.1241 
  72     1491.2804    -3.4221    27.5388    23.1228    47.4679  1933.4913  3151.9261    18485.9011    -0.1317 
  73     1483.2200    -3.1245    26.6071    22.4015    47.1414  1933.5554  3151.9276    18469.0927    -0.3041 
  73     1478.7014    -2.9500    26.2672    22.0930    46.6245  1933.5944  3151.9286    18459.5679    -0.2324 
  73     1474.1408    -2.7731    26.3109    22.0795    45.7920  1933.6348  3151.9295    18450.2711    -0.0524 
  73     1469.4187    -2.5947    26.7387    22.3845    44.7428  1933.6754  3151.9305    18441.4860     0.1559 
  73     1459.5644    -2.2459    27.8532    23.2778    42.8054  1933.7527  3151.9324    18426.3441     0.3417 
  74     1450.3741    -1.9351    28.1250    23.5661    41.8275  1933.8195  3151.9340    18415.0138     0.1774 
  74     1444.8777    -1.7464    27.7834    23.3253    41.5742  1933.8601  3151.9350    18408.9321     0.0114 
  74     1438.6944    -1.5252    27.0696    22.7353    41.3776  1933.9089  3151.9362    18402.4195    -0.1359 
  74     1431.5501    -1.2554    26.3109    21.9786    40.8265  1933.9713  3151.9377    18395.3196    -0.1269 
  74     1428.0807    -1.1222    26.2479    21.8069    40.2730  1934.0034  3151.9386    18392.1884    -0.0431 
  74     1423.5105    -0.9506    26.5703    21.8875    39.2818  1934.0451  3151.9396    18388.6302     0.0917 
  75     1414.5066    -0.6361    27.6785    22.4813    37.2491  1934.1204  3151.9415    18383.6928     0.2145 
  75     1405.1034    -0.3287    28.1335    22.6642    35.8880  1934.1920  3151.9434    18380.8238     0.0994 
  75     1399.6129    -0.1491    27.8298    22.3311    35.5002  1934.2340  3151.9445    18379.9875    -0.0023 
  75     1393.7100     0.0501    27.1346    21.6281    35.2468  1934.2824  3151.9457    18379.7908    -0.0630 
  75     1387.8725     0.2549    26.4269    20.7997    34.8491  1934.3352  3151.9471    18380.4727    -0.0187 
  75     1384.6309     0.3697    26.2643    20.4598    34.4053  1934.3664  3151.9480    18381.2969     0.0466 
  76     1379.3527     0.5515    26.5692    20.3047    33.2790  1934.4173  3151.9494    18383.2809     0.1463 
  76     1370.7943     0.8219    27.6648    20.6011    31.2403  1934.4926  3151.9514    18387.6730     0.1309 
  76     1363.6333     1.0332    28.1041    20.5985    30.0509  1934.5499  3151.9530    18392.2282     0.0053 
  76     1359.0161     1.1674    27.9613    20.2826    29.6077  1934.5867  3151.9540    18395.7037    -0.0622 
  76     1352.7465     1.3516    27.2916    19.4184    29.2787  1934.6395  3151.9555    18401.4558    -0.0642 
  76     1348.2407     1.4851    26.6809    18.5874    29.0378  1934.6812  3151.9567    18406.5925     0.0225 
  77     1344.4088     1.5973    26.3451    17.9233    28.6288  1934.7194  3151.9578    18411.7278     0.1333 
  77     1340.5627     1.7051    26.4037    17.4927    27.9019  1934.7588  3151.9590    18417.4341     0.2198 
  77     1333.0557     1.8967    27.3254    17.3358    26.0231  1934.8312  3151.9611    18428.9164     0.1630 
  77     1327.2507     2.0333    27.9274    17.2955    24.8152  1934.8818  3151.9626    18437.7318    -0.0113 
  77     1322.2393     2.1475    28.0208    16.9996    24.1489  1934.9238  3151.9639    18445.5603    -0.1380 
  78     1318.1530     2.2392    27.7642    16.4862    23.8495  1934.9587  3151.9650    18452.4284    -0.1699 
  78     1311.7486     2.3773    26.9505    15.1814    23.5935  1935.0179  3151.9668    18464.7820    -0.0258 
  78     1308.4029     2.4431    26.5467    14.3661    23.3724  1935.0521  3151.9679    18472.2635     0.1277 
  78     1304.6647     2.5080    26.3990    13.5652    22.8478  1935.0923  3151.9691    18481.3515     0.2838 
  78     1298.4088     2.5966    27.0029    12.8604    21.3533  1935.1582  3151.9713    18496.8116     0.2814 
  79     1292.1682     2.6737    27.7600    12.5824    19.9229  1935.2175  3151.9732    18511.3062     0.0052 
  79     1287.6061     2.7284    27.9511    12.2480    19.2440  1935.2585  3151.9746    18521.6389    -0.1901 
  79     1282.6914     2.7838    27.6949    11.5242    18.8975  1935.3031  3151.9761    18533.2182    -0.2589 
  79     1276.7161     2.8345    26.9408    10.0162    18.7703  1935.3621  3151.9781    18548.9725    -0.0416 
  79     1273.7664     2.8459    26.6064     9.0972    18.6328  1935.3942  3151.9792    18557.6957     0.1590 
  79     1270.4145     2.8443    26.5041     8.1148    18.2206  1935.4324  3151.9806    18568.1426     0.3557 
  80     1264.8263     2.8179    27.0461     7.0437    16.9643  1935.4946  3151.9828    18585.2342     0.3485 
  80     1259.3627     2.7870    27.6839     6.5040    15.7571  1935.5499  3151.9848    18600.4223     0.0139 
  80     1255.2828     2.7654    27.8449     6.0626    15.1856  1935.5892  3151.9863    18611.2070    -0.2327 
  80     1250.7411     2.7365    27.6010     5.2409    14.9494  1935.6335  3151.9879    18623.3667    -0.3271 
  81     1245.4795     2.6760    26.9571     3.6468    15.0069  1935.6891  3151.9901    18638.5450    -0.0763 
  81     1243.2109     2.6332    26.7121     2.7769    15.0034  1935.7153  3151.9911    18645.5989     0.1252 
  81     1240.2478     2.5589    26.6127     1.6306    14.7980  1935.7508  3151.9925    18655.0339     0.3676 
  81     1235.0442     2.3976    27.0842     0.1106    13.8387  1935.8121  3151.9949    18670.7121     0.4120 
  81     1230.6349     2.2589    27.5754    -0.6350    12.9448  1935.8598  3151.9968    18682.2910     0.0931 
  82     1227.3163     2.1577    27.7311    -1.1153    12.4895  1935.8941  3151.9983    18690.2789    -0.1820 
  82     1222.5529     2.0060    27.5118    -2.0852    12.3182  1935.9439  3152.0003    18701.3030    -0.3670 
  82     1217.8199     1.8178    26.9667    -3.7280    12.5941  1935.9974  3152.0026    18712.3365    -0.1182 
  82     1215.4590     1.6971    26.7565    -4.8022    12.7352  1936.0265  3152.0039    18717.8823     0.1344 
  83     1211.8081     1.4750    26.8044    -6.4945    12.6247  1936.0727  3152.0059    18725.9331     0.4484 
  83     1206.3093     1.1136    27.3957    -8.2840    11.8089  1936.1384  3152.0089    18735.3872     0.2927 
  83     1202.6493     0.8783    27.6217    -9.0367    11.3361  1936.1790  3152.0107    18739.9454    -0.0643 
  83     1198.9279     0.6361    27.5250    -9.8280    11.2170  1936.2202  3152.0127    18743.4922    -0.3381 
  84     1194.3550     0.3008    27.0646   -11.3522    11.6659  1936.2740  3152.0152    18746.4086    -0.2434 
  84     1191.5120     0.0487    26.8245   -12.7365    12.1166  1936.3105  3152.0170    18747.1593     0.0683 
  84     1188.6108    -0.2444    26.8647   -14.3081    12.3910  1936.3490  3152.0189    18746.7269     0.3817 
  84     1183.3718    -0.7993    27.3828   -16.5330    12.1695  1936.4145  3152.0221    18742.6810     0.3351 
  85     1179.7334    -1.1787    27.5552   -17.5099    11.9416  1936.4570  3152.0243    18737.6078    -0.0357 
  85     1176.6736    -1.5041    27.4386   -18.2626    12.0334  1936.4928  3152.0261    18731.7491    -0.2948 
  85     1171.9281    -2.0688    26.9731   -19.9702    12.9681  1936.5523  3152.0293    18718.6102    -0.1896 
  85     1169.7170    -2.3735    26.8557   -21.1233    13.6150  1936.5823  3152.0309    18710.2731     0.0736 
  86     1166.9858    -2.7765    26.9778   -22.6834    14.2621  1936.6196  3152.0329    18698.1681     0.3647 
  86     1162.1072    -3.4972    27.4400   -24.8922    14.6981  1936.6814  3152.0363    18673.3955     0.2821 
  86     1159.0878    -3.9366    27.5090   -25.7949    14.8511  1936.7175  3152.0383    18656.0056    -0.0281 
  86     1156.4048    -4.3384    27.3575   -26.4952    15.2250  1936.7500  3152.0402    18638.4321    -0.2530 
  87     1152.3571    -5.0069    26.9566   -27.8600    16.5679  1936.8027  3152.0432    18605.9322    -0.1784 
  87     1150.1482    -5.4130    26.8813   -28.9158    17.6083  1936.8334  3152.0450    18584.5939     0.0715 
  87     1147.5494    -5.9051    27.0539   -30.2984    18.7280  1936.8691  3152.0471    18557.4677     0.3264 
  88     1142.8743    -6.7596    27.4733   -32.3002    19.9688  1936.9278  3152.0506    18506.9567     0.2278 
  88     1140.0454    -7.2675    27.4732   -33.0933    20.5508  1936.9616  3152.0526    18474.4354    -0.0401 
  88     1137.3697    -7.7659    27.2639   -33.6940    21.3564  1936.9944  3152.0546    18440.4317    -0.2222 
  88     1133.4749    -8.5634    26.9032   -34.7267    23.4150  1937.0460  3152.0578    18381.7969    -0.0840 
  89     1131.7109    -8.9480    26.9064   -35.3714    24.5992  1937.0703  3152.0593    18351.9033     0.1005 
  89     1128.7501    -9.5817    27.1722   -36.5563    26.4171  1937.1095  3152.0617    18300.7617     0.3061 
  89     1124.4628   -10.4395    27.4972   -37.8965    28.2655  1937.1608  3152.0649    18227.8295     0.1486 
  90     1122.0483   -10.9139    27.4494   -38.3555    29.1512  1937.1887  3152.0666    18185.3556    -0.0450 
  90     1119.1798   -11.4983    27.1935   -38.6868    30.4470  1937.2229  3152.0688    18130.5442    -0.1796 
  90     1115.7838   -12.2428    26.9009   -39.0211    32.6934  1937.2664  3152.0715    18056.3422    -0.0431 
  90     1114.0919   -12.6239    26.9147   -39.2778    34.0302  1937.2886  3152.0729    18016.5206     0.1015 
  91     1110.8747   -13.3157    27.2049   -39.9037    36.4064  1937.3287  3152.0755    17941.4763     0.2597 
  91     1106.4330   -14.1867    27.4940   -40.5682    38.8236  1937.3786  3152.0786    17842.4389     0.0894 
  91     1104.1454   -14.6231    27.4312   -40.6793    39.8674  1937.4034  3152.0802    17790.7144    -0.0528 
  91     1100.6076   -15.3178    27.1166   -40.5126    41.6779  1937.4432  3152.0827    17704.6767    -0.1295 
  92     1097.8799   -15.8775    26.9158   -40.2267    43.4726  1937.4758  3152.0847    17631.2872    -0.0054 
  92     1095.9716   -16.2676    26.9298   -40.0696    44.8880  1937.4989  3152.0861    17577.8333     0.1213 
  92     1091.8809   -17.0417    27.2690   -39.9664    47.7012  1937.5452  3152.0890    17466.7410     0.2138 
  93     1087.9573   -17.7098    27.4717   -39.8631    49.7240  1937.5856  3152.0915    17366.2920     0.0503 
  93     1085.6831   -18.0839    27.4228   -39.6545    50.6923  1937.6084  3152.0929    17308.1035    -0.0575 
  93     1082.0291   -18.6879    27.1519   -38.9846    52.2315  1937.6459  3152.0951    17210.1309    -0.0996 
  93     1079.3439   -19.1371    26.9636   -38.2811    53.5295  1937.6747  3152.0968    17132.8823     0.0042 
  93     1077.2791   -19.4760    26.9359   -37.7286    54.6438  1937.6973  3152.0982    17071.5893     0.1151 
  94     1072.8336   -20.1452    27.2050   -36.8108    57.0079  1937.7436  3152.1009    16943.1042     0.1961 
  94     1068.6339   -20.7030    27.4259   -36.1516    58.7500  1937.7836  3152.1032    16829.6821     0.0440 
  94     1066.1352   -21.0163    27.4154   -35.6878    59.5573  1937.8066  3152.1045    16763.5231    -0.0565 
  94     1062.0720   -21.5126    27.2013   -34.6322    60.6819  1937.8444  3152.1066    16653.4867    -0.0909 
  95     1059.1237   -21.8631    27.0250   -33.6331    61.5041  1937.8728  3152.1082    16569.8846     0.0084 
  95     1056.7196   -22.1360    26.9710   -32.7693    62.2419  1937.8964  3152.1094    16500.0965     0.1185 
  95     1051.7055   -22.6438    27.1679   -31.2198    63.8619  1937.9439  3152.1120    16357.8006     0.1891 
  96     1047.1721   -23.0375    27.3695   -30.1344    65.0750  1937.9839  3152.1141    16237.2819     0.0371 
  96     1044.7208   -23.2338    27.3847   -29.5453    65.5690  1938.0048  3152.1152    16173.9641    -0.0526 
  96     1040.2892   -23.5668    27.2425   -28.2707    66.2167  1938.0427  3152.1171    16059.1419    -0.0959 
  96     1036.7825   -23.8076    27.0837   -27.0278    66.6183  1938.0733  3152.1186    15966.0772     0.0033 
  96     1034.1309   -23.9713    27.0229   -26.0186    66.9359  1938.0968  3152.1198    15894.6914     0.1105 
  97     1028.6188   -24.2519    27.1421   -24.1012    67.7172  1938.1447  3152.1221    15749.0919     0.1910 
  97     1023.5389   -24.4525    27.3135   -22.6849    68.3843  1938.1866  3152.1240    15622.4620     0.0437 
  97     1020.5454   -24.5527    27.3365   -21.8938    68.6480  1938.2106  3152.1252    15550.2935    -0.0550 
  97     1015.5849   -24.6913    27.2319   -20.4311    68.8231  1938.2502  3152.1269    15431.6235    -0.0926 
  98     1011.8161   -24.7678    27.1183   -19.1369    68.8019  1938.2807  3152.1283    15340.8290     0.0039 
  98     1008.8592   -24.8062    27.0738   -18.0625    68.7666  1938.3048  3152.1294    15269.4452     0.1073 
  98     1002.6354   -24.8270    27.1635   -15.9537    68.8060  1938.3549  3152.1315    15122.6857     0.1812 
  98      997.1319   -24.7966    27.2809   -14.4045    68.8825  1938.3976  3152.1333    14999.4763     0.0401 
  99      993.8599   -24.7629    27.2909   -13.5401    68.8406  1938.4225  3152.1343    14928.4474    -0.0525 
  99      988.3296   -24.6765    27.2061   -11.9776    68.5167  1938.4645  3152.1360    14809.9470    -0.0807 
  99      984.3922   -24.5860    27.1355   -10.7385    68.1244  1938.4947  3152.1372    14726.0275     0.0087 
  99      981.0156   -24.4865    27.1163    -9.6355    67.7530  1938.5206  3152.1382    14654.6917     0.1064 
 100      974.5967   -24.2487    27.1934    -7.6649    67.1324  1938.5693  3152.1401    14522.9880     0.1651 
 100      968.4758   -23.9813    27.2653    -6.0634    66.6126  1938.6146  3152.1418    14403.2709     0.0348 
